/*********************************************
 * OPL 12.5.1.0 Data
 * Author: Mateusz Percinski
 * Creation Date: May 23, 2017 at 6:34:43 PM
 *********************************************/
 
 /***************PARAMETRY********************/
nMachType = 5;	//ilosc typow maszun
nMonth = 3;		//ilosc symulowanych miesiecy
nProdType = 4;	//ilosc typow produktow

nHours = 384;		//liczba godzin roboczych w miesiacu 2*8*24=384
nScenarios = 1000;	//ilosc scenariuszy w symulacji

// Ilosc maszyn poszczegolnych typow
machineCount = [4 2 3 1 1];

// Koszty wykorzystania typow maszyn (wiersze) 
//w wytwarzaniu poszczegolnych typow produktow (kolumny)
prodTime = [[ 0.4   0.6    0         0]
			[ 0.2   0.1    0       0.6]
			[ 0.1   0      0.7       0]
			[ 0.06  0.04   0      0.05]
			[ 0     0.05   0.02      0]];
			
// Pojemnosc rynku - typ produktu(kolumny) w miesiacu(wiersz)
maxInMonth = [[ 400     0   200   300]
			[ 700   400   500     0]
			[   0   800   600   400]];

// Magazyn
storageMax = [200 200 200 200];	//maksymalna pojemnosc dla typow produktow
storageCost = 1;				//koszt magazynowania zl/sztuka/miesiac
storageStart = [50 50 50 50];	//poczatkowa ilosc w magazynach

/************************* SCENARIOS *************************/
// expected values (used only in t-student.R script)
mu = [9 8 7 6];

// covariance (used only in t-student.R script)
sigma = [[ 16  -2  -1  -3]
			  [ -2   9  -4  -1]
			  [ -1  -4   4   1]
			  [ -3  -1   1   1]];

// scenarios (generated by t-student.R script)
sellProfit = [[10.7349277395552 7.72178696852481 6.91313555665251 5.3580692014906]
[11.4029325398093 5.35289018472828 8.44560627918346 5.94437008867837]
[5.9511305436333 9.89072813219028 8.15019579921374 5.92283032635847]
[6.98653442934503 9.43820696539249 6.08947859890014 6.28684001183198]
[8.97632928181137 7.73492022936159 7.69443003815675 6.65911599366542]
[6.3718935550723 8.80949463923562 7.79090422832384 6.81174804312265]
[8.78246371277526 9.96223625339419 5.07839427301482 6.04541265888823]
[8.61200211939238 6.9004774184148 8.38569802461679 6.01047636955988]
[8.04259291408092 11.6005401405856 5.51825529023523 5.52418355625024]
[10.2568641176451 9.42484863719592 5.61768337124079 5.44832826311492]
[6.06345343273768 6.67810135189213 8.25425855603235 7.11046580533962]
[8.74262951486885 8.49193741618487 8.26781448661321 5.63718569432722]
[8.96019482191789 7.48206038212727 8.64020735666332 6.61806454609454]
[10.7060656286305 7.74073441264031 8.70806653294011 5.56273592101066]
[9.14849596786536 5.38206186993592 8.48324089408178 6.31836607658665]
[10.9884988766065 5.05294389126629 7.81201862380442 5.89377116896792]
[9.85025400030063 9.20603928762331 6.76845266520436 5.77678827669309]
[9.76699335636152 7.83363407758539 5.01347383618885 5.84594312150737]
[8.22098260831502 7.93964476990494 8.36747212617667 6.58666346744554]
[9.64940023484707 7.34646951028725 8.15389801271092 6.71485257935324]
[9.56697193644308 7.24791547600423 5.82061898605385 6.6329880618574]
[7.64858383380397 11.8956850930214 6.57566578417732 7.52978318768004]
[10.8667504186116 5.6239431792075 6.49095275149094 5.44747350145729]
[11.5459204391574 6.5874000517338 8.91791399632966 5.70569902009294]
[9.00453124705504 6.25952067886102 8.93937357845343 6.11437998871486]
[10.4316051568988 8.89165309349428 8.00183466339121 6.22792967489147]
[11.1403947310683 8.80153331584519 6.36710780356291 5.52424084189948]
[9.5907049066395 9.30053224873728 6.5052199777433 5.64308372528693]
[6.47305423724122 7.66508680006143 7.42589600717661 6.52108273658984]
[9.76726531281191 8.22194904261638 7.1081746124431 6.13833241033153]
[8.95660428231506 9.6338548203953 6.825608564983 5.91753534567508]
[6.65661071071173 5.67204681219274 5.12518070847775 7.49470327361362]
[7.19904394448817 8.7302849521872 7.44779194969183 6.47205791305223]
[6.14141383515822 10.1723383290638 6.76474828089067 6.37022619094861]
[5.69521655633491 7.21774962443076 7.4078237327969 6.86396433969432]
[7.41948372290643 8.03699767638553 8.97923961321758 7.02654336771908]
[6.56646630634973 5.7404075180924 6.03918180743565 6.99882350229028]
[7.35599682011837 6.74376913529808 8.17787922084679 6.39585296726742]
[6.91959034936835 6.50701099621029 9.15664218377416 7.02695093673778]
[9.11822908406315 9.60532897442021 5.89773023661198 5.84271212186255]
[10.4775266855378 7.74041308039547 7.02882954484035 5.7306616625159]
[9.73630119159739 8.0054798693364 7.24536501914977 6.21148774325861]
[10.0111346388687 8.54559652653669 7.57355749244052 5.21281882149967]
[9.3044363324297 8.6360752702899 7.89140524834048 5.54888704759358]
[8.59799037847047 8.29208244736707 6.50552412645122 5.59935989181255]
[8.48544288376721 9.55444306000757 6.58487174495026 5.8491148375213]
[11.7604829205992 9.65590201549772 6.64963682477249 5.39177841443693]
[11.3169188438334 6.36774739649116 7.62092163106503 6.04747250772576]
[6.70750156668769 9.41289159113731 5.72804848970441 6.21217896778775]
[7.86378195121736 10.4887069813193 5.29640022450844 7.858355005165]
[10.3150238666766 8.71293012534784 5.26738259802439 5.75235088039821]
[11.1481757687241 8.32683836190475 6.5907655036569 5.49521456080251]
[6.58752402783152 11.788337839933 6.37625046797188 6.56275306970687]
[8.04674744910589 8.48579281370471 6.11123025141845 5.93747348767059]
[5.80379227059653 10.6749649706765 8.25161424026534 7.43630776185185]
[5.08562962224612 6.25271506284162 9.1639806077906 7.07549534940989]
[8.21171001279402 9.01357163349135 7.62974865595358 6.62617475049791]
[8.00012037729256 8.08374698044632 6.96208148087379 5.02870357956737]
[11.9380180609174 6.14197992609856 8.22739620563964 5.66381393624393]
[10.5617720039606 8.40631438745253 8.5573720777577 5.73752599854724]
[10.1422285915404 5.87845445013947 5.24453582979309 6.04296874744015]
[7.55232416876885 8.96935952297449 6.33369979423753 5.81297525163871]
[7.58447573341132 5.15558578900001 8.40107616709414 6.17669634396026]
[6.42446818772568 6.48666160046052 10.7133538242366 7.75809341997505]
[8.39065705822657 9.21018316388643 8.17459544753404 6.03570179471803]
[9.90419568893592 7.78775633655362 7.99016270428681 6.19577231655977]
[5.95746885756313 5.09349552717216 8.03596108690664 7.26001287846509]
[10.0078827578525 5.56984011564195 9.00972912975775 6.90854556856038]
[7.44954237453655 6.9626433295225 6.56477237313301 6.25876599210239]
[10.0668232100789 10.9044910704391 5.95154819850661 5.38558601358982]
[10.0670271322965 6.5415149142987 8.95464219217477 6.16547975436759]
[8.66971953740622 7.60951826422353 8.12326945584272 5.73765659104496]
[10.5394125599206 8.61016682485658 6.83354802195229 5.33078538246538]
[6.23595781893223 9.17293742390341 7.45249517897689 6.8408051421619]
[6.68525300718891 8.82855006814482 7.96549209675143 7.05394510431173]
[9.02410975006794 6.13464630160722 7.12591876203768 6.05854010552029]
[7.68933955200932 7.16398756306374 7.63913841585222 6.74633858145683]
[10.488189801151 8.03487558637352 7.93013018070703 5.40539522545791]
[10.4525083739423 7.44223321217689 5.30624330038416 5.81703161220566]
[8.29033349913762 8.1073067423215 7.61516921008423 6.25117814955547]
[8.00340768583344 9.40225272685761 5.60847672909323 6.2103514646455]
[9.68027925256842 6.64637213761745 7.53110711556139 6.68269474631976]
[8.43246415577035 8.72710903217814 8.31134932478773 6.08836507694541]
[8.28046420954959 9.25115850510915 7.70648924718453 6.39166410801084]
[8.79829544729398 7.25060150759051 8.40472463161732 5.59616191425525]
[11.193110071365 10.8105384509895 7.32069977863062 6.02639559448616]
[5.08166710501334 7.66622139055187 6.16149991827687 6.92591847308779]
[9.74986629157347 9.97183301789155 5.03318319940236 5.88105293274546]
[10.2045921276966 5.4368659920427 7.60775695160858 5.92496369421506]
[8.69338040353987 7.22930549827239 7.43863078576198 6.58142995816701]
[10.3436754904422 6.47277564212773 5.85856371121713 6.29769429866022]
[6.41318903621275 8.82195697013757 8.29578189483832 6.96317809128355]
[5.21093134784086 8.29593573305901 8.86586985270837 6.28423883293105]
[9.49720312548036 8.58346895324721 6.958234556043 6.0258826225389]
[9.8171078367524 8.04379741888785 5.30795660985947 5.72958180085207]
[6.67148014953349 8.83571174217261 9.07215319655253 7.02619499877606]
[5.50525099365803 11.7045523575836 5.58344784813158 5.4603092749986]
[9.01397135613934 9.31191705179415 5.31817800548807 5.74961114772901]
[10.4194013242688 5.7896827393062 7.06212778891963 6.23208793226708]
[6.51768440883024 6.09579695786297 7.69893737906682 6.04251283576286]
[8.27474691989462 5.16178077497272 10.0575243153641 6.81495671621292]
[6.19976808547551 8.62067091797734 6.6576084609238 5.95335763543571]
[8.93940082720595 9.86475540049909 5.6385683184301 5.23937564096247]
[10.983248177033 9.88400932547566 6.58751007295019 5.22234211825672]
[10.9976959548246 8.50844118058126 6.57389008319937 5.56755423038283]
[11.858779786283 10.8444919565966 5.28376247186231 5.10736868252515]
[9.71931851176983 7.19837080274698 6.98169093161994 5.11968554065106]
[11.9789671211911 10.8305243249582 7.5517836963687 5.6210437750085]
[9.7752913384711 7.73870612492188 7.53846418424691 6.04075722770703]
[10.7619370005005 9.13163253349602 5.28616210553406 5.44544037059542]
[6.9476800805994 5.47594814791227 7.82511327244968 6.45276566563409]
[11.8580900471237 6.64162477490918 6.51957344373588 5.38226131565172]
[7.28398312726819 9.73952142166876 7.45103977827557 5.72808077124193]
[8.87026686240894 8.09926462556046 6.45619919097325 6.20982189647551]
[8.7278995664919 5.15189770405133 9.71945477085677 6.48763827118476]
[7.37199656022399 7.69697899117646 8.7824778910774 6.42238717539287]
[10.1330697105856 8.31605471435137 7.04965929602967 5.98661060203176]
[11.7839969769308 11.1830138319369 5.81461598209887 5.24005351288763]
[8.66731900138768 9.02293422116878 6.92664191267507 5.16202226987935]
[8.74953835383859 5.53354270156308 8.16859795937528 6.86679231116826]
[9.58729109721001 7.38916482365527 7.12556921422283 5.35607392625868]
[8.5154518030335 7.35996965027035 5.7484397803194 6.48168732983322]
[8.45158353240993 7.41759982164143 6.64820635656471 6.10363040618902]
[7.78288561966826 7.82149599274271 7.06896098748075 6.3506954139773]
[10.4389756509545 7.31965662392354 7.2211610110756 5.88937242999845]
[6.06778539908639 8.88919951766331 6.64613407861454 6.2815837393048]
[8.19244805698247 5.3827477245047 9.02515081024529 6.22458329979525]
[5.51486714382242 6.12343853969979 6.36555460089318 6.96127802776745]
[5.76679556213643 6.17024810444595 7.28244430204051 7.05440333013235]
[10.2366436046353 7.22901559640608 9.57487736152093 5.96825431284926]
[9.02588996636635 7.99027011108138 5.22637151382858 5.85758747105014]
[10.834536915175 8.53224293104644 7.86693402697641 5.63264369795863]
[8.77346834085002 9.65520914799362 6.63038830938018 5.33802239208808]
[6.89409043884643 9.34307367121701 5.67646401016077 6.0297822808602]
[5.72416417063 7.35466118970034 8.81057647908935 5.68975556749385]
[10.6618501383009 10.2124260160937 6.61129270478181 5.50346543098885]
[5.50213944694374 8.67908146240624 7.31639891449577 6.6527960478692]
[10.9892020962351 8.16412536462115 6.85089770146371 5.82396331431991]
[7.26794787792303 7.89907278669309 9.11688271592217 6.71866249183274]
[6.52969889006255 7.52199708475813 6.36104959041987 6.05313602048263]
[11.5569728202831 6.46333871375465 7.32704359296981 6.99243662514583]
[9.06466985603934 10.1781664294303 5.0147380038615 6.43472997253053]
[7.04776014698927 9.73217925140964 5.49947302747754 6.0223046217716]
[11.1577856860894 9.07206984522668 5.40658888944616 5.9510714945802]
[7.76785771962781 11.7929638255306 5.36373505634573 6.06254217140407]
[10.3211932406458 10.2586944439976 7.19306914837198 5.96350468090088]
[9.02527345102536 8.14590263187756 8.55531802430967 6.47598924039925]
[5.05481989809068 9.8894501111121 7.25636036828525 6.72938426675123]
[6.1035985563384 5.64992436540186 10.2745828006513 6.52905780236581]
[11.4596163453839 7.48108274900234 6.30776891945028 6.46860802567272]
[6.50838798990177 9.03927592323708 5.98967573358637 7.06431280321215]
[8.09519279027156 8.73369931933498 5.39596769349927 5.64127565468441]
[8.44808212206353 6.66552221781491 8.04066073983598 6.11633058759456]
[10.5957691096994 7.54203379206312 8.70835387412936 6.0006447378706]
[11.3610349316043 7.87614971857239 7.65698044597847 5.70992153097104]
[11.8429612881271 8.67069207109057 7.16545065595275 5.76140276097032]
[9.24170693457499 8.95753281009113 5.52835689020374 6.05433625106277]
[11.4745460037214 5.04553635476236 7.48328564321455 6.09393741474558]
[9.4083587761929 9.98223841596571 5.18291693083265 5.39056391973006]
[10.2946468466384 7.92420474676816 5.61470664408763 5.52360708804912]
[8.05339011715087 5.21446580321952 10.9578236239391 7.05811898428246]
[8.90641926748364 7.09917576065959 7.96857981971475 7.19611428905369]
[7.50668912229281 9.76707352251598 5.96978162009418 7.06561241896573]
[8.52038092705658 7.6861202244248 8.95783457734051 5.62928470255532]
[5.01257689840277 8.82424751311233 5.71659671360274 6.44203692019101]
[10.7603792559323 6.93774227464892 7.87357864938904 5.803938193421]
[9.54574580656898 5.11538982372059 6.52569638912506 5.66686945379204]
[11.6491947671703 7.48901405730692 7.94234113767675 5.9746687398654]
[9.19839161448932 11.5351815016706 6.57000180736768 5.85184142211125]
[9.58847016744225 6.94348987408971 5.96133497146749 6.22631462040248]
[8.26948899313263 6.47259707661683 10.4579626667052 6.22759164694781]
[5.93727453921894 9.97000825590231 6.45965575924467 6.51940250286374]
[5.54650612444384 9.82720621956895 5.90922224972858 6.53848284535351]
[9.36233968970289 10.7873469868422 8.18739403393827 5.9277660209317]
[5.34222115191179 8.85212094674457 6.3690813140686 6.44263584303369]
[11.4372387048324 6.33515823151137 8.18459732015819 5.56208470925478]
[7.9010177959556 8.25962170681962 6.95823841810576 6.05643985376368]
[11.170903142078 5.8782629308356 9.7613769839082 5.858083389096]
[7.32522470500012 8.2035530732807 7.59449274149197 6.58012091630727]
[5.73193938364567 9.95889285890736 8.75725087708076 6.52813210254666]
[7.60766522257719 9.56065448330083 8.75386999327204 6.06841707149779]
[9.80085683193996 6.62845259601243 7.79517835401053 7.02975921355698]
[6.84628255777398 8.08985322214936 7.70883081725893 5.72218463309116]
[11.1661920175787 5.31353612966875 7.28928686965072 5.71303737254993]
[8.24853558640727 6.84014391122376 5.99501841331469 6.18836843182537]
[7.12336374996285 11.3372310177002 6.3096831799167 5.76746575664141]
[5.14140799542599 10.4085919333307 6.28386596237802 6.68199051787742]
[6.49455168333351 6.67609668831853 7.01795994317851 6.95654685440324]
[10.3970216230708 5.31409604709278 10.8166632927174 5.01359746970168]
[10.5769813461888 7.36503316841658 6.43259059056296 5.40541596106844]
[8.65599709206763 5.87848795160287 7.18854912677388 6.15343050174565]
[7.84434224957703 6.21804029835529 7.4714743951999 7.01585367398476]
[8.81902460149439 7.74833773653727 7.73809986667525 5.83039817072496]
[8.18123974432479 5.73220517322911 8.33271752675297 7.18321821613511]
[6.93080450489716 6.85707512404304 6.99543394358578 6.07975074535198]
[7.22894092272034 7.12430719023065 6.88362486583843 6.44236241957647]
[8.45146915160273 9.18282397146318 5.48054011156559 6.07697068659184]
[7.08334672875431 7.74369664887196 7.91499982901191 6.44669561930711]
[11.0615286115193 6.87744758923839 10.1214728645342 6.53499698178735]
[8.75363221656609 8.12139486731591 8.88042785379894 6.67987129988289]
[8.0151214257778 10.9109794236053 6.53924759440596 5.00412972223562]
[10.2495819141738 8.69740530488164 7.48393402508179 5.25142034320346]
[11.4089602023129 5.83852134885417 8.90697869051848 5.98560887066298]
[7.78444714840719 10.4834671447021 6.75906616503976 5.5729876409491]
[10.6180387341359 9.30339231438659 7.83364210752565 5.5482099214131]
[8.41441651390714 5.13781395121241 7.94547498684275 6.93600638842328]
[10.9253077338666 10.2015113479007 10.2098069744664 5.02698761824546]
[8.51731628660042 8.87644959246027 7.43557032513746 6.43572041031366]
[8.01721877570611 5.72130313380381 6.86071466578337 6.90722510126586]
[8.73841446842269 7.94148393906189 6.55478578346543 5.26658994770262]
[8.47510141604814 8.81879044515866 6.32716034927972 6.21719752731409]
[6.26848480741815 7.23726566978169 10.4372914137363 6.85832124870496]
[10.1848720818412 5.09307113934658 9.02550967531955 6.6438770362584]
[8.38641445608495 7.80259044536528 8.16503242724753 6.78888068575884]
[9.24321609897082 8.71871234929649 6.57117595438386 5.73617879423285]
[5.25251658153336 10.6249416123377 5.47833227256502 5.93484736683949]
[8.10867216954114 8.65330319412556 7.29130690978965 6.23721606842613]
[10.7867815019424 6.06194517713006 6.87382775496054 5.97219097213653]
[7.3009699579958 6.19567999217813 10.5985098916096 8.26023835643049]
[7.13146280559028 8.42624436868329 6.26372291918029 6.20871317069708]
[8.08059745261896 5.30558037472095 8.84465207964567 6.94095928520801]
[10.6956040418467 10.1274615104687 7.08454413391372 5.43807654749088]
[10.3082796459858 7.64640437866935 6.91875730366266 5.84316848657561]
[7.37350959114755 9.22876342637166 6.35642319999941 6.4881222572314]
[10.8724542731518 8.33296497533596 7.50469539204633 5.57912135214391]
[11.9554057949616 6.94877442295468 7.11428329631442 6.15986508532166]
[7.4628609244207 9.42842149746201 7.24920899167976 5.8826033454519]
[10.6060585929094 9.22836741466801 5.91174124284256 5.346151437513]
[11.0776784412251 6.96814182571091 9.44399906312457 5.77521558989578]
[7.65905492287544 11.0553575256425 6.31229854580722 6.52532100455499]
[8.16264877750593 11.6832861503695 6.17704729805387 5.43939662892164]
[6.21165582965099 8.45044423477285 10.7784231528862 7.41702356673571]
[8.5285329106341 10.1685303239573 5.04101754601841 5.54348340113991]
[11.6745907449514 7.78455001855475 9.42523060430351 5.79720449269797]
[8.7404123440898 7.84107705374898 6.5877162628108 5.43723539975191]
[9.15117482047945 6.52111405741635 9.46854690661272 6.3202726860991]
[10.9162261628949 7.26151921588629 7.68298534152141 5.86931689136828]
[7.09911610108684 6.65709823939822 8.38729848188547 7.47163854561472]
[8.01647228810201 7.10208179165604 6.72501735500193 5.73212912380257]
[10.6835539340361 5.5348986897458 6.45320748219281 5.77316827134427]
[9.54722099283817 6.70063486870469 9.05447470548113 6.05563724255478]
[5.30728497124638 7.74269264305779 7.23202654533525 6.6606127239899]
[6.0423415900903 9.39431635696741 6.26741758171166 6.08264708395759]
[8.78134049189001 10.3972965462136 5.19013427674762 5.62902127421473]
[8.78388384803498 10.9160298907414 7.03009049684546 5.95015886454556]
[8.33287964655914 7.68693429944995 8.1147315329753 6.0130419933931]
[11.6711672809303 6.52783883124359 6.5415808694278 5.23411646338998]
[11.3404356952338 6.74101343447872 7.79980125353363 6.17380017357805]
[5.57669435245857 6.50610941122606 7.16837982846037 6.87312334743834]
[10.1888056277544 5.36946063774607 9.57617611937703 7.19491666712342]
[6.53486058230765 5.7981299884533 7.29611666756002 6.90496894710332]
[8.68378269468527 8.11247611511284 6.90066008346974 6.65791544617281]
[7.52992226989652 8.58053189443418 6.12656965039398 6.50317516259814]
[11.3296083486143 7.17472732308128 7.51767444401785 5.41225168801197]
[9.0268772108942 10.4215808902355 5.91855061787866 5.35914052595989]
[7.0381964409573 11.9163325591198 5.80534320629193 5.70010224982187]
[5.14847006879254 7.82193322004417 9.55507545612301 7.55179165186615]
[8.80693802291373 9.35476252457163 5.10536857923579 6.11753112026776]
[6.90740497217168 9.39660083113524 8.36729452609323 6.82280178208906]
[10.453680834756 8.5796730131887 8.14378847609389 5.88902591313867]
[9.50391549603308 5.00387114392756 7.68462277625772 5.75796740819096]
[11.5033194739257 10.7806526090293 5.11958901663445 5.15668868569828]
[7.14428758071958 7.18016564664025 7.37281150027938 6.66965044669204]
[11.6659875586826 5.75928118527558 10.1455139268739 5.17943437699222]
[11.0405183019398 6.91146913138511 5.74270627862992 5.03627601027439]
[9.91279032626634 5.67973720865475 8.15589751568361 5.93400269041839]
[11.2833823449868 9.24373710720513 6.01806710214123 5.18669792891377]
[10.7524859129972 8.18628546139497 5.80957954858919 5.43515262254314]
[10.7883745306657 5.9578332871693 7.6494924732056 5.36633438732337]
[8.34497072124308 9.03079631578316 7.38642080850061 6.21014457590501]
[8.38161564074739 10.9505772223213 5.38686530172552 5.81043209530054]
[9.22169594195736 5.62045231091202 5.53184581083417 6.22125531946846]
[8.73095076472123 6.49452560996293 7.43430461073596 6.31488622111981]
[5.62964787938413 10.1848307855124 6.11886859428782 8.01577366416382]
[6.47851480000794 9.52281797782004 6.9297649501576 5.85051751592196]
[11.6690733831863 8.42204365290637 6.56179031706384 5.62878276844231]
[9.00232367298644 7.78572991960475 8.52732082992845 7.60358887019768]
[9.14933598338956 7.66369639554955 10.0735394613189 6.94084646680096]
[7.07686520950416 8.08368632486559 8.08311799562287 5.4129643959912]
[7.75491850279458 8.64878852124585 6.25883346972239 6.10312375449943]
[5.65238632319568 8.43610870014477 6.13130799354513 7.12405630765717]
[8.14637417816747 8.32633362720315 9.27194883216695 7.28140224735403]
[11.6684508136341 5.46994722425961 7.48857222221511 6.79887210456933]
[11.3843835229743 5.96203162212516 7.87616574922078 6.90780547689877]
[6.77536843600482 8.86380896710643 7.75369359512502 6.3811186371995]
[6.92686530038339 8.05588093218501 7.23539157726623 6.61000345707608]
[8.22278574356296 5.43310258255223 8.95479105498976 6.53297091565946]
[5.47907097323951 9.3868474064474 6.12661380403217 6.43977881557467]
[11.3915604205074 5.90363132470646 7.78577706097442 6.93193215465051]
[10.4860840281402 5.02480694704721 9.96550066855754 6.95537082081449]
[6.82319287543086 5.11645463743209 7.08200344689621 7.1487261988241]
[7.08263196975488 7.29397720249247 7.97859849461079 6.22267434032143]
[10.1086233289848 6.00353726896023 7.02492753839624 6.14982649590761]
[6.64330946897347 7.88438196232218 7.60050661610951 6.67634889464493]
[11.9533121812665 8.14511887083473 5.13655744475943 5.29968709974416]
[8.07372835759592 10.8283538638176 7.77847442443564 5.28116414134374]
[7.50827131719193 6.1339046259764 7.57396216375174 6.89099283524892]
[11.3206560034663 6.11821834634678 8.02256222553998 5.75975203450067]
[8.0609186409104 9.17834435551811 6.83802568061655 5.80766888686001]
[9.04271918972429 9.94552065919796 5.85739992564555 5.71174719179524]
[7.62157553801642 6.91992622068407 9.55699137228482 6.13658075291061]
[10.6225287467315 6.24222623722901 6.9873297884176 5.82731361997187]
[8.51943088309711 9.5591038638905 7.1287545878906 6.02066656901208]
[7.98857935296797 11.0432291802306 6.31284416858264 5.42374431042886]
[7.3306376146442 6.22987384600133 6.87889081299636 6.35388999548811]
[11.0193343018419 9.80254930783634 5.98684954894102 5.12213108555697]
[8.39158439543078 10.1717346515989 6.98130087521283 6.27001918810845]
[8.13482502335758 9.63770046727655 5.6978887522585 6.11672909569311]
[8.05274841521154 6.92316853725885 7.50734786919526 6.81079150309262]
[9.43440496544737 6.75999450202127 7.74434223678988 5.85330995759237]
[10.1592586031981 6.81834554431811 6.1583784100684 5.74540316033809]
[5.09941799659441 6.45590933042044 7.88181563220606 6.6988939615687]
[8.23495324150459 9.22083273689491 5.29485098187986 6.00461683520881]
[8.41644306418176 8.29874528365216 6.11978347303131 5.81038234414161]
[9.2585174648905 5.19716602744226 7.9482710924289 6.85020415597013]
[8.40070511166395 6.8413484577087 8.94536021021528 6.69489836164206]
[7.26220980847456 8.13230477801297 7.39443052202615 6.21744641165923]
[8.61134756083455 8.6070081192067 7.4453482161628 6.85951966733308]
[7.17465909209542 11.7781348709511 5.52531192126737 5.50195747833464]
[9.16999666121242 8.80137549256014 8.0537812095466 5.89057692410056]
[10.515830718689 7.53193146315309 5.19091711938602 6.12916307860012]
[6.12826690067532 8.73557675078597 6.25652251610135 6.62745040088312]
[10.218137198814 8.24181324864398 8.36866693349016 5.35868446496098]
[6.55543909371586 9.83740163812194 6.64435050026984 6.44953544904484]
[11.2247292084162 7.39490536417294 8.22016554189717 5.96231526759828]
[6.33401122451857 10.1320244150303 5.06475847799352 5.87405192241361]
[6.71965410975039 11.4652318904441 5.36259285809861 5.46175439030972]
[11.9641795009968 8.18997701826116 6.36142931844204 5.47211577631541]
[11.9685329576816 7.87835489021809 5.95661959810789 5.05573583356725]
[6.16285128538307 7.95382757030249 8.42476009567801 6.53855531158693]
[7.62305450428667 7.78312209831017 7.05865692132978 6.20510976091941]
[9.06299866981513 8.48864327280582 6.49047789490551 6.31246181324738]
[7.82685334474453 7.1258653760023 7.68427225734547 6.04139590500604]
[9.12828177197969 7.59956283930844 7.56177137397479 5.92317324872587]
[11.0792538082152 9.0332586538559 6.61457048307525 6.45567752262966]
[10.8687421237582 9.22719754140137 6.88283529897895 5.33394756299265]
[6.49106492802522 7.23413181813862 8.01363288952107 6.64101469596704]
[10.1585892224676 7.12837094793052 5.60007782429034 5.52061337129053]
[11.3043694391573 5.23415278333791 7.59842640987741 6.00880104933815]
[8.75260049451391 6.76095104988533 7.1357170523444 5.65776743618983]
[8.76854499754037 9.87641808776945 5.46696613374863 5.85916946850108]
[9.59259684409422 10.5301800520628 5.2660863872801 5.32873726350161]
[5.02399519066621 7.39867095586583 6.62693873204089 6.45915996742068]
[5.56285147804583 7.69769131364453 7.478033015084 7.19597720944938]
[6.11495172073793 8.36134285552332 9.35622170174159 6.3720165962441]
[8.24806690441133 10.0922890246121 5.44689997750213 5.00137293373608]
[9.72510247281444 8.41108468482726 6.14576116214191 5.96471965409826]
[11.724922094797 8.47614808102833 8.36557413011471 5.41940318875301]
[5.9294384474599 8.72222669557779 7.05475560762721 5.86514603525569]
[9.06300390638093 10.8210975754076 5.24908183692782 5.62352377963836]
[11.7043478881126 7.46360653679811 7.05930947090888 5.49128044369698]
[6.80112063403834 5.8108516827326 6.50282091051483 5.72042323686804]
[6.50481168376391 7.0415812270831 9.10737667036444 6.75691602129099]
[9.3524302051628 10.0133461800362 5.62573568631834 5.27007519855459]
[6.25803242139134 8.85438566908058 8.65643387611105 5.94718116420781]
[7.26025030009884 9.18610913067014 6.60700633741784 6.4723672036952]
[11.4885561047319 9.20543373103096 6.3307339105228 5.76179453851118]
[8.45724478131703 5.42167487385262 9.32691136260137 6.36515055883921]
[7.96455246484675 7.59460779275079 5.16820813338483 6.28529522115027]
[6.58330681045139 6.98083064327488 5.57074648427652 6.67665169044643]
[11.0801300053497 6.34810729145354 5.64705770046351 6.23581047281853]
[11.6009417471759 5.43868605248371 8.23772890057665 6.08740509072557]
[6.14046658246829 11.1735386690232 7.32010309811027 5.92956257101106]
[7.532622968953 5.17839193179559 8.33166719598936 6.49134925760842]
[8.92153256984134 9.19303387595543 6.16263975931894 5.38522358228006]
[6.36486374725179 8.49944782708714 7.41750251154506 6.78888242076028]
[9.3688779432847 6.71922199549055 7.19669504101293 5.80718226048924]
[6.7796481071841 7.12026366607208 8.65173682360766 6.4102766535313]
[8.02867243663617 7.99262637913513 7.86318428917756 6.16115795022214]
[11.5736434590535 7.1240347775031 8.57806466893501 5.69339532748873]
[5.1446642734867 6.91418777503657 6.48843169372152 6.23131781404964]
[5.97976043903721 6.8979240826486 8.42983224627402 6.6921424931894]
[7.95967521071061 6.58471342606038 10.3058935651961 6.50849865384406]
[5.77737756456498 7.30000481470255 10.1642661519663 6.95790088782002]
[8.27951747681654 7.54714125384659 7.50694210666756 6.65428487685011]
[9.93383489916444 5.89654767555671 6.36939655795107 5.33674959443265]
[9.30331629330677 9.83380743250702 7.85720387296134 5.79643197803]
[9.99616846750581 9.69743734319306 6.44233893526302 5.74165016240405]
[5.55716176647444 5.59750159597771 9.31475884178521 7.5992584456972]
[7.49679617131367 7.33731915576336 7.97762170800538 6.20011617541901]
[6.33082569696024 11.2662911432998 7.43867103542353 5.74650978946912]
[10.2193554862906 8.02346697216499 5.86046499411501 6.5614045585614]
[11.2196389218847 6.63947711289915 8.80828638010322 6.62249934521613]
[9.24047774716186 6.8303690303533 8.12263944015896 5.96015583087538]
[7.74161841966906 10.0685367590118 7.02675565681745 6.09392348737815]
[8.05016620293073 8.78715832631327 7.73911810211256 6.02141825224266]
[7.6378505792371 5.51128548684462 8.17975561854757 6.5238712124693]
[10.129264463009 8.92508978691788 8.77600189954411 6.16078918174777]
[11.5076176712806 8.6594743600936 8.91993454678127 5.40267817078589]
[8.08627830097887 7.01998836814438 7.50741297693039 6.49273658061863]
[6.15682209201783 7.85331262249575 6.92252757617779 7.56331669837421]
[9.04371723147756 6.77430132479539 5.14458201544366 6.35930472499213]
[7.12687982110037 6.36211489998939 7.5050256514042 6.38957927569953]
[10.2236918485442 5.65110366422912 7.80051770935132 6.34885261905514]
[9.80166318311319 7.36533475387097 8.02655692709603 6.05360039299123]
[5.31361728810655 6.87654826178622 8.27392541200624 7.03957748840761]
[6.48837008992747 11.4371006828219 6.68388617771972 6.39937766939051]
[11.0067465473973 5.26672189095918 8.99653463483979 8.59385489223964]
[6.36314236844894 9.56322722678032 7.72644685872574 6.66495465327121]
[8.77533545703134 8.43870783123182 5.25070209931181 6.37029716687306]
[8.7047776146668 7.76506701051888 7.48173990465872 6.1425178877348]
[9.76540405067282 6.86069232650493 8.10298132846239 6.41787309964057]
[7.23928111558654 7.57067962984086 8.41510881011356 5.84213174708772]
[8.59108112137369 7.33886505699435 8.00867251900956 5.15911553626025]
[8.51723853241397 6.49067613477321 7.50910475059973 6.33896890143481]
[10.1806106465647 8.79315934460176 5.43299359759699 5.61864970432269]
[5.44763488232713 10.3218552903125 7.43384001760893 6.69488865514796]
[8.09749427842532 9.54561654968996 6.07550160082922 6.72741939486193]
[6.93172278106445 10.2379372682771 10.3327421292018 6.44974903718298]
[11.0972515541579 6.13851778262662 8.1929405525955 5.89549579037216]
[6.2366710036858 8.68221045812411 6.42816874985512 6.01386222073765]
[7.64865058430746 8.02276074936947 6.36327657190746 6.35352619520932]
[10.9050550420028 5.9680443767398 8.14058691499664 6.12592102640051]
[7.61357621273246 11.4615687804918 5.1243022977456 5.14825751844153]
[7.38880500697446 6.38250801061504 7.80942722761427 6.82597273660578]
[9.04546764119287 9.21017934731801 7.76369051606237 5.38752472426598]
[7.31944871408286 9.91268704950787 5.60064050841633 5.26065662738887]
[6.07623490345938 7.61694082927297 6.28944900548291 6.01395789733536]
[9.65931128471043 10.0583690676864 6.83390405159863 5.56322127939421]
[6.06888919957602 6.73726126153926 7.56359470867542 6.40493127744852]
[7.6286882893897 10.3846377080342 5.05302640154487 5.24811908501522]
[6.65166485371283 6.81855251465378 9.59906535649335 6.71486149286897]
[8.43191136781059 5.07511720664343 5.92894457107109 6.37666625476128]
[7.569838060046 7.07716326116586 7.48315439160497 6.61032820285245]
[9.3463516959704 9.09570756734544 6.96763902775379 6.52508868315444]
[7.78748547681695 8.82578056528482 5.51953944341163 5.63681681232297]
[9.86792509520681 6.00780679252788 7.6667964177393 5.34273641636587]
[9.51317733761071 10.8107044579125 5.09766390276128 5.06003540605124]
[6.0599494647898 10.659066887553 6.85710267347748 5.13687105714381]
[6.37411184385016 6.07363326890686 9.58681248463797 7.19912884320595]
[5.28311116850772 9.54331286249088 6.16139114296879 6.40682464752964]
[11.8994790987955 6.70490476301668 8.66732549771412 5.66589004318107]
[8.20597669154617 5.77029435412353 9.04467212431127 6.67274488206677]
[5.69290825961811 11.2475692604254 5.81108130149092 8.23280108321183]
[7.3721843257945 6.42342181231441 7.31953554324899 6.22767129784144]
[11.0392618591707 5.01476031252258 7.6583726993046 6.13884482548059]
[9.76047805074263 9.88647612404255 6.72941688685012 5.41434465344214]
[7.07322354465595 8.27512186410946 7.33666386174907 7.94544906173666]
[7.84389441550591 9.14250539626984 8.9543962823303 7.18339697420583]
[11.4052011228516 7.84089703807057 7.26748862006551 5.20652372861025]
[5.56226610572417 9.47746437764128 5.77981733384199 6.23213973719733]
[7.83542066309577 9.11048150412204 5.36807955318005 6.00514675809961]
[9.12804052769086 7.25196278957423 9.51799462763561 6.18014132967843]
[11.5530808891518 10.1147958901501 6.97282790013499 6.35420631502897]
[8.87011780477866 9.63519620091633 5.73605796163103 5.43586737962379]
[5.71714135230214 9.20415622471205 6.14297358859977 7.01834892297295]
[5.08162391242721 8.97064486070855 7.54281763401811 6.52971386023001]
[5.96439284912673 7.37699181654931 8.63232248603584 6.71679617681335]
[5.57535978014294 8.69082293619974 7.20062528352252 6.65955833462311]
[10.0590010098187 11.0745141337096 6.32302656658018 5.2209248051209]
[7.37543962477352 10.6011681188308 5.74378995025435 5.9359549158366]
[8.71063246954413 9.15561885897993 7.68746222638684 5.42648791153888]
[5.94838659917652 6.3688373638691 8.40852646769037 7.3650477777362]
[6.67507269062808 9.42675324539427 6.84907027587791 6.31401245915315]
[7.79374336819436 9.70875332871082 9.27400288765385 6.4518036351977]
[6.12571499414538 9.30623385426896 8.00757461052981 6.62953980659307]
[8.7777158787393 10.5669131168919 5.03393811700099 5.91602625141062]
[6.61714703249791 7.36492967782806 6.65769001871248 6.41328010636387]
[5.42046179984207 11.1187223620577 6.83238890567843 6.96199805689201]
[8.73607739376394 6.12878831803802 10.1670694469588 6.63085857874299]
[6.63372774671922 9.61539617010921 5.02064387926027 6.04798811985347]
[8.86431904765286 5.53271246069858 11.1989537391631 5.42041787819864]
[11.1685986596593 8.8807587800053 6.695804473803 5.31116172166178]
[6.22744580710174 9.76920216603004 7.09839470957094 7.28982121587066]
[7.30160118688194 6.20509407807827 6.65865368162746 5.8318908506013]
[7.09272333629406 10.2235104280896 5.5968292635133 5.86850371861124]
[9.35148249275799 9.95736206597715 5.83567248064735 5.26490589367881]
[8.67817728794514 5.28231780737208 6.99380878229374 6.56952003789655]
[8.40379978623299 10.1264538202684 6.29979351851367 5.95875328078309]
[10.6273548001468 6.21791577513466 10.1275152844622 6.48446886325964]
[11.4189717140815 7.33244777412849 7.01823031152535 5.89172475596047]
[8.44441909380856 8.80091119987668 6.42591624755207 6.45393578702964]
[5.2490965167263 8.29254553035879 7.79562330463658 5.92098209323508]
[8.26285009850661 8.10024140032337 7.65995352120573 6.89119663729954]
[6.71720438505381 8.93843069901757 8.07214746700289 6.73395474066705]
[8.59037258781661 8.90215257798676 6.25073050421375 5.55585217483772]
[7.72976579108891 7.08314827475303 5.55304998831011 6.02591190985858]
[6.55153798922923 7.61450774739157 5.8785119279084 6.34690881399679]
[9.56915327857855 7.48542553866516 7.67652962082944 5.96109647807981]
[5.36926098326852 9.31687365866687 8.28290612078897 6.64472833422413]
[9.25248615690882 8.24125107569597 7.54085541717528 6.55019754678503]
[9.46458867606507 7.85067944731097 7.04766867842643 6.1751983921099]
[9.65718829628535 5.04547455679544 9.806188804713 7.29028314358684]
[5.23191502966771 8.083728257783 7.03166260941348 7.09126869819251]
[5.68081375947717 6.11974289529859 7.98180442249025 6.08010570745011]
[5.95722644227338 6.74328200657394 7.64909782489451 6.28672413288735]
[5.6952457538498 10.8499221778021 6.41789413251174 6.58360932755499]
[9.61551133476209 8.06097757232346 6.70371192329308 5.78280132171702]
[5.83430987266449 8.86466534309707 6.46555161947534 6.37453007476792]
[9.88910801305802 7.49101291498981 6.8251677802704 6.03349473459797]
[9.95289254811565 6.38319002924957 7.2352450984877 6.05354516820418]
[8.96018115171173 6.38476264103426 8.97001924968451 5.84601882539204]
[11.6124211509183 7.39305631157121 7.53541053951253 5.63374353907846]
[7.52367516299763 7.75027628826346 7.66151298895648 6.99659285984468]
[9.78977329731945 6.50336201479431 7.76423535294667 6.53501754063338]
[5.56650563200822 8.95473872529735 5.37710623544215 6.38052600272208]
[7.75228366683352 9.36082223271032 6.57416687836003 6.12392032189486]
[9.21728839332845 7.76313004113373 6.43297704144445 6.18699919219255]
[9.24064467740665 6.13398110547541 7.52547218323785 5.74939427956556]
[9.57139938363825 11.0843512174969 5.95409659514557 5.13268869043393]
[5.60913869951631 8.39801744856154 9.63128961991003 5.8243711147196]
[11.5848015548844 7.56353969838931 7.85901687692895 5.05992086759134]
[9.74399026900407 6.80652882257697 6.99865524447351 5.62736103572884]
[8.98854444906232 6.71744276174592 7.25798498286167 6.31544986416573]
[8.27102357393695 6.41551932427743 7.48073760669209 6.30548166487443]
[8.78939874891714 7.99875126118738 7.56446969434582 5.8940413704222]
[5.34372798453698 8.75194194845919 5.77290070298292 7.26519654306905]
[5.69747555974329 6.61341596019756 7.1427820403576 6.83857210886353]
[6.21040588420478 9.45268451241386 6.44940172433334 6.80482480157017]
[7.04114013851681 7.2232459665334 6.58198814251478 5.88363585937773]
[5.98386771276575 7.88231060771342 8.23743604521179 7.07097885432578]
[11.2851525028581 6.74658192015092 7.01958580150053 6.58757058486763]
[8.42299772657034 8.14889193296144 6.1509482353205 5.37702155964484]
[6.79123059869647 6.77282482630703 7.71751446252983 7.46287669264798]
[8.99182989741197 7.01729153566213 6.65114752699609 7.15481251720893]
[9.84063186054622 9.57212064382941 5.24531442303904 5.20107406000684]
[10.8537815559494 9.05926908654719 5.99604909412306 5.58421929520129]
[10.1493686001884 5.15520633732406 7.80222004405872 6.59541809319682]
[9.58800264829386 7.85268708599055 7.85044868448693 5.49316351271647]
[10.0779462748544 7.58258427220365 7.7692350584621 6.78778526906521]
[5.04929398148144 9.12121112978688 6.34624950438421 6.21115839466248]
[6.88051074016016 8.48586174783703 6.94786692651766 6.51926827574638]
[7.32561963914885 7.39245898634973 6.19552173099723 6.38249724694809]
[6.18988597284138 9.18924970766613 7.11743550800393 6.23737221156244]
[10.6414348177779 10.044598504193 5.42843233131638 5.43112095877822]
[11.9294739574017 8.65104948053802 6.1509177932719 5.1851748075617]
[8.0161979456929 8.37044730659158 7.05231372056629 6.19057743412763]
[9.69643278164734 6.78326893738879 8.09520352687432 5.94644540373246]
[10.9663475637459 7.58427917299055 6.73794474014066 5.80317182035724]
[9.07022261408506 10.2833025180244 5.70162768952186 5.78921635354933]
[8.08291287007525 8.06341471253895 8.05223315581264 6.40258562259275]
[10.8728616651875 5.25990786266667 8.02398949260093 6.2393033245867]
[8.22341751089892 6.03821976492632 10.5916520515311 6.24047541308454]
[8.09482882669784 6.88728701198097 10.2178085904819 6.90331468953783]
[10.8227297264578 6.00908350857169 6.89122663443367 5.2984187969143]
[11.9441867699143 9.26189847217494 7.00327939343978 5.18679978033619]
[7.75898649408289 7.32861019940405 8.16669395751155 6.59865793988834]
[7.133619810334 10.0532654989629 6.1443765749963 6.16560256012547]
[10.5461263398428 11.6512977584297 6.46081175538614 5.41132178131538]
[10.0036547432966 5.512941707717 9.50956230376013 6.51180753895308]
[9.67477811343746 7.9776652361207 8.36933494875649 5.95541400227872]
[6.57302582233065 8.93780423796846 8.01632530062227 6.74162372643142]
[8.38954518160329 8.94877135150554 6.37051212202446 6.17433183060947]
[6.05796676979047 7.60493375730442 9.56599393406852 6.2429248636342]
[8.86458313098083 10.5409889368319 6.34509910889788 6.47163133661178]
[5.55718326280949 9.48043991889939 5.8935064126619 6.45032086645805]
[9.1907011629823 10.3343433736248 5.23409835496571 6.08794751566969]
[8.71734406742941 7.21827599475344 8.04268947950098 6.15939951764298]
[6.21848731670491 8.80476426192513 9.63885292857903 6.2543754041353]
[7.4952497353298 11.9358150129921 6.73616100953331 6.28521758649426]
[8.5787285448768 5.33212963995976 8.90896500464441 6.67222532642]
[8.9760548588299 9.41810021564544 7.45560683728733 5.64534147140177]
[10.6007729733987 5.25488578842846 9.38472930290926 5.85122125949809]
[11.1312953848936 7.0054153274273 5.37626014814705 5.73759596255326]
[10.7279146807399 9.28720290780909 5.26298900597629 5.72304196869616]
[6.89578645699452 8.17141629897136 6.9317362694463 6.21714572740723]
[11.1906440341516 6.3898185214441 8.17869538311062 6.28437464668831]
[9.9939904415037 6.46754027434454 8.00551190197403 5.76863101394007]
[10.8998078002475 8.38594891580851 6.77095974681801 6.23736668013207]
[7.46457141753424 5.15534305567495 7.30109412707003 6.54424891449613]
[8.02344608436032 9.47163381614855 7.20404339973847 5.62508521722861]
[7.64917652294673 10.567110595678 5.25611056469811 5.92790918455814]
[6.13007427752293 6.40277110320474 6.50828068596737 6.84822973626072]
[10.2214218810887 6.66017373414081 6.80446329298952 6.19433635857762]
[7.73038196702396 7.62289101851608 5.88099611379672 6.44161199231405]
[7.9100112265105 6.8922836663138 8.95631983920968 5.79978344373629]
[8.10321062655838 8.09428153683837 7.06198646346351 6.13846911335721]
[9.63356656792743 5.55325861667344 6.64582784121086 6.12207655251543]
[6.56205831814233 6.2601307555601 6.87084904759198 7.05973273811771]
[10.8275341975223 5.71024510591922 7.49174485417895 6.05973937133752]
[9.81022958478849 7.04464880890862 8.05915260682499 6.27036885023647]
[9.73318082974722 7.90630383679205 6.02248063504018 5.99851213000005]
[5.94402692670342 8.01332368102995 7.1225039811234 7.03459415188952]
[6.64426748189973 8.20480500626544 6.91665458375934 5.92438775647818]
[9.25079061168883 8.07631435205696 6.46113194879177 6.30750978050582]
[5.51403396097944 10.5219352771396 5.08621576791078 6.0942763584058]
[6.73926146498864 7.35097851802126 7.82311030557649 6.61163213011797]
[7.09757384159919 8.18125177576761 5.83907095955841 8.07176618747553]
[7.55980613417699 8.75947459778315 8.25309813620757 6.60763685710599]
[10.9179743239577 7.30988071777549 9.49244043616176 5.40999884963218]
[11.7403245817689 7.46268670026592 7.05429585667974 5.7897436594166]
[9.05263250686425 6.28710957792905 7.36149166460646 6.2762753292897]
[8.09118733335702 8.26334240006218 5.79556375498189 5.69277931779036]
[8.576976334684 7.64434647995967 8.03807788603663 6.3691925713479]
[7.59451431242123 9.43401570454492 7.56167273480683 6.5946316990691]
[7.93603684677412 9.05122758944289 5.64428883632591 5.78672722638085]
[9.62848339648293 11.5572922922233 8.41850256148576 5.61704306324015]
[10.3973510270407 6.27773789377218 7.53179457642431 5.91515485851191]
[11.8729821399113 7.685059230706 7.60650842457147 6.55404472641382]
[7.44816921059167 7.06117146977631 7.01191056552407 6.90418218617435]
[8.73292964430108 8.93247837399072 6.88711491012188 5.71066751451228]
[10.7556359665121 6.61498721355323 6.70441612407451 5.38881274646881]
[5.15713876419621 10.6283543989114 6.54949864762202 6.27917728209474]
[10.2589318924796 7.78339336871769 7.55767962366129 6.15020687215856]
[8.7170622548417 9.42673244508698 6.29695845830745 6.06169532825803]
[6.55198868194928 5.00846513695418 10.2954113269959 6.58509290549964]
[9.73610436143796 8.55001054327084 8.41563337402043 5.62506528374745]
[6.56695789131008 8.24773049102343 6.97388830947073 6.33326812767178]
[10.3520886071133 6.97403443896544 6.116606973494 5.68671976062315]
[9.66111628473084 5.97038482072926 7.60600589760417 6.19484214579626]
[5.13994020483199 5.63578285318161 9.69172860587226 6.61664005689879]
[5.81947710033613 5.83012189643249 5.98740581096603 8.15150323682339]
[11.3448354766395 5.61099886050191 8.55778197710481 6.26281441124382]
[8.87078710964003 5.92200957675018 5.63375562840466 6.79669664353294]
[9.14086878846628 10.71908346691 6.66679203129443 5.19566407891724]
[11.9792491125992 7.99181096453758 6.83997436986943 5.5722102020114]
[6.82054214504726 7.27374210059414 11.4163612765507 7.27193800821903]
[5.02604442263662 10.6776513954359 5.51689644975048 6.23002700675648]
[8.11631247476435 7.59576612028917 7.82333381309925 6.06943966743142]
[8.90076312908322 5.25465464532551 7.712702750787 6.6194864796529]
[5.88689511433174 8.88031442303603 7.35765756572059 6.99353640218664]
[11.1886185552059 7.96248887136581 7.18711085695877 5.75769365294462]
[11.0425709451578 9.73357916777083 5.10574589527174 5.00169094289991]
[9.50940356825453 10.5036205821065 7.58647141470768 5.70247162371655]
[6.58398511390089 7.34553769419585 8.95136346947432 6.90006480337124]
[9.65904515936691 10.3941318643816 5.45484066810604 6.68454141556432]
[11.4466612900166 5.82277369704001 8.10437495148122 6.61777467803825]
[9.25562722634389 9.09413804784492 7.30257293514363 6.66948373414689]
[7.7447501289533 9.70335828441698 6.75523390828221 6.22835758363878]
[7.77677427810904 6.86683826382479 7.18673306363777 5.91503623800397]
[5.44346278377512 10.7735006837212 6.72133304356004 5.86851725456999]
[8.45234270062673 8.08228875057224 7.78132413914653 6.17792620205133]
[10.0992127690359 5.39840422509452 8.67685888303556 7.57332505470136]
[9.16678537678855 5.50256451716189 8.69543279847954 6.58986471504368]
[6.42302155335232 7.39370924342443 11.4996960456752 5.67581311410878]
[9.40374415236051 7.86698646766006 7.10100606679751 5.42373965110639]
[10.2917262705115 6.37034160986393 7.20576755761842 5.80290453177694]
[9.22117579690842 10.0181478702375 7.2294067872678 5.15389798634206]
[6.57540971548842 9.03092743844151 8.44702874897549 6.95023715507298]
[8.25353927902548 7.19007798078285 7.36659399682396 6.04703951086818]
[5.93425535188625 11.5960924912014 6.81434389167026 5.93136496354727]
[11.6577903437513 5.77264197809759 8.41972138963307 6.39765949542454]
[6.73960418915722 9.34138942077762 5.81207725305479 6.61675267696601]
[10.9236178853529 8.31302442119599 5.69266701845713 6.33497558354445]
[7.81784895306364 6.17839488657862 8.57697781003792 6.88344719425356]
[5.25621448397767 10.7274450798333 6.63422423858322 6.22910703830394]
[10.1326049910967 6.79580786540623 9.14411867008338 5.47730334976405]
[11.3356642320249 5.15892865975264 9.35021661934302 5.62967111589387]
[8.74161669171631 8.39081042265557 6.82517917175444 6.60165738527201]
[7.5467916399336 6.88640271658566 7.10710661725007 6.33645172815444]
[5.75915925178435 7.96182759000014 8.52377780408079 6.76360602036976]
[9.02015349800578 9.50318116991195 5.59678862145043 5.68530027855953]
[10.6320618706776 9.45039299185058 6.98453073165412 5.59664940220076]
[5.59372522617488 9.05244881667934 5.90528351355631 5.44017227287147]
[8.58396954654062 9.93955146593936 7.20981315658607 5.67478511004467]
[9.94102949041761 6.44640026341491 8.39829644406354 6.01178624355483]
[11.5083691741622 8.41426742236875 7.47980383806497 5.59363081824007]
[9.11552881893951 10.4086607009984 7.91327250263495 5.49905420644175]
[7.01011115263922 8.15082143239309 7.09701917292954 7.03219935786456]
[9.07857968366117 9.2043692488198 6.38758723879196 5.68117579847538]
[11.621128583191 10.0046837954525 5.81940160542254 5.47129714355564]
[10.8035808919789 7.37739745252419 6.73694866454267 6.23451122841205]
[8.23698002376779 5.27160984233611 6.6154147809885 6.06824327655263]
[10.7591004501283 7.92796256677897 5.67243239440482 5.2771608951097]
[10.36964669861 5.60494361106418 7.1773758348771 5.51880417295151]
[7.07975624153339 6.26197464856497 7.99842752605168 6.32857032117607]
[9.47402213937864 6.64393315727752 9.83805376241923 6.06976601955567]
[7.58863834863533 5.1924878816472 9.64689958936318 6.76274450075661]
[10.405081493595 8.86788654311893 6.50237631450298 5.01417488290118]
[6.28282575247292 9.81135163114606 5.95829548880126 5.73681323629605]
[6.53461271613484 7.75972847364604 7.24593432939386 6.84307704940104]
[8.34846904708741 7.88944351119424 7.25130458037312 6.19187483729779]
[8.62658189797544 11.2039728735174 5.29997616135104 6.008301046994]
[11.5640909390059 5.48853464679458 5.49319069612231 5.24702858204788]
[10.8983153770032 6.7742946558063 6.79519175889375 5.31986135679626]
[8.3245238439342 7.62833472607428 8.91996967951594 6.2305555922503]
[6.96456705997384 6.9036794208332 7.32418348651602 6.22779796312608]
[10.6908315033228 9.32973078042842 8.9353167976091 5.71639194471982]
[6.48064972680893 10.8094888111835 5.57835057286852 5.6090884678186]
[10.9169953937288 6.40617653421033 8.07217525565142 5.95518717636122]
[11.992301662454 9.09061835396898 9.89014148744691 6.61793145478411]
[10.7727672293026 10.4040841144965 6.64726867895061 5.75074700210623]
[6.35857266319532 11.6946936678829 6.33926943627649 6.8053920533301]
[7.04550674724531 7.12495367915118 6.35927517869822 6.42981572676035]
[5.86964256641673 11.0843474330751 7.56040159664085 5.29169167400612]
[8.40186810379674 5.66210761310181 8.82099073100355 6.13388613422514]
[9.79777974478657 7.41184143398685 7.67848832534261 5.8042460437925]
[9.52735805322809 5.04760147400119 9.48670276918969 6.62107261248281]
[5.40306814899987 8.57745319031265 8.52212936178185 5.77138716175946]
[6.57658929327078 9.39164703680069 7.45910238511726 6.15854967070073]
[9.0675790928583 5.583368582659 7.47874409848745 6.27305118415052]
[6.49562481140227 7.96646938258832 8.53370841801536 7.58779923481008]
[7.80800115541174 10.5786788462264 8.08588492573094 5.89631842826587]
[5.59258403195173 11.0738173087872 8.50458005445064 6.69427980318045]
[10.8370495288519 6.42265218853156 6.53028348264753 6.31318669702962]
[6.0860335651673 7.60155038627319 6.22211746820823 5.62853644587028]
[8.22047143465152 9.03285194409442 6.91700828808473 6.43680904608843]
[9.91978958700032 8.74539108380641 6.52662441034869 5.39878890730305]
[10.5988886873091 8.26090310598664 6.55484475031754 5.63845913086076]
[7.30603428826688 6.80978807316103 8.8235032829272 6.81694792936582]
[10.3131578260663 6.68673743155349 9.33029531404382 6.50361411616435]
[8.99712499519353 8.73884678163643 5.81220509740292 5.49675033559197]
[7.91102760615157 5.25576135591172 7.76948247519652 6.11597748818792]
[8.10589152840154 7.24400581346808 8.03559453654832 6.25731771182497]
[5.95680249266381 7.81020963825813 5.01620959747837 6.50658190674164]
[9.66551543323406 6.97619795159111 7.98384461367159 6.8542110761272]
[6.42730251804526 6.62171390282189 7.83593481050551 6.83388296500782]
[10.3294173516757 5.30005883914965 7.64991049282118 6.35977400512905]
[7.07690876013299 9.76050981897738 5.66896942306914 6.06602261774253]
[7.52463502711921 7.53979477626668 6.01066705843373 6.23156963670705]
[10.7179512517277 7.43940237803045 6.66578851911303 5.33050121924479]
[8.82032402610787 8.93688423684743 8.127011436477 6.26002991060686]
[7.23040107045238 8.54628373184616 8.16895814199329 6.48719028953161]
[10.1583888679778 7.27836032716975 7.72858257381876 6.04192905963696]
[9.28281556783633 7.62908558096253 6.54199113700387 6.20176851713248]
[6.2794111281058 8.18691449566039 6.98757714991682 5.99273045270331]
[6.09359282415816 8.55836564185763 8.78597541274118 7.15870540564859]
[6.3039161903216 5.91782748809962 8.43542253760797 6.55589342005736]
[9.2442361047508 7.73706790949258 7.3833138705168 6.27267649790696]
[8.35676279972802 7.30173061236439 6.59989418891549 6.96640044092081]
[7.27426652480513 11.4088515237438 5.66131195897106 6.26363774230161]
[11.9043021361328 8.59958908387875 7.21114521476604 5.12093698745224]
[9.17978781409477 5.55491627339657 5.2631356410023 6.05657324458188]
[11.1882229145083 5.62524868452253 7.92730232728673 5.94926671836923]
[11.7974386084545 6.76869307094543 6.8861305817567 5.78206563026636]
[7.3163236870902 9.19834232597002 8.86288407080072 6.26443267808793]
[8.93707127515568 7.26515993403908 7.68684262542628 6.10111547406284]
[8.45179612338353 9.49241681428275 9.95119071912166 5.00183642759047]
[10.0816154663192 9.52341267250084 7.79056695160184 5.15118324823647]
[6.04287437851002 5.56496355938687 7.53155516434144 6.82460709306411]
[11.8840348232035 9.47653743236827 5.85396336163118 5.29056018631307]
[7.54048604132407 10.9875512269398 6.61544290962109 6.05655495951607]
[5.58870409045877 6.84460981554029 7.02798800767539 6.52795621019214]
[5.9286962171074 5.19780598202749 7.98411809470794 7.12270804229258]
[6.84447503433182 10.7029044227449 5.6002842708851 5.77429351615554]
[9.78179903047581 7.49464779668176 8.69398835491574 5.82163509032682]
[11.6428957519437 7.67257295436349 7.89164901357156 5.55002485623787]
[9.33362840957497 6.34184552169324 8.71552796039575 6.7643796281737]
[9.54609205992886 10.1181565246058 5.96518703010065 5.6119111617473]
[6.86161298805715 7.52784801729313 9.74594060595046 6.94977010400733]
[6.26953746890897 10.1319301699223 5.30714907474038 6.09207163855867]
[5.12331600159983 8.84014674743992 7.25240913865417 6.49668775490568]
[8.27373798451745 11.2866156792238 6.2938128040397 5.35288190673495]
[9.04824007731829 9.87980375774127 7.56970248904831 5.80955738964376]
[6.5416067957226 5.818971176183 10.0603750174829 7.18563598908571]
[11.3244703504993 7.50183220630056 9.7490286908851 6.00982379092797]
[8.76498697078462 8.66391345471995 7.21339428118764 6.25652853582634]
[6.24376277274676 7.34304869381923 8.67368751016323 7.38190103631307]
[7.26847582879514 8.21118560719096 6.08301921683516 6.73151621211681]
[8.39429494858624 5.2771534896601 8.5261332712784 6.58827448795947]
[8.80783690926634 8.38427916270468 11.6758158905687 6.19282228773524]
[11.7690167257936 6.74765441508885 6.32882240776591 5.60285687231212]
[8.47221545791391 10.6487478224632 6.40737365055032 6.05161387086975]
[8.85835318847242 11.3884704922405 5.36354686295959 5.1029424614699]
[8.11844158564329 5.89897294543035 5.70309952393883 7.19255941885846]
[10.9975878411705 8.91079563231444 9.27246281250407 5.48081299813605]
[10.1048389682109 9.10667081908008 5.60609188492033 5.8024827138543]
[10.6876763624394 11.0296079241936 7.90355760458367 6.41770178990847]
[7.21040288229611 7.58665011450108 9.76591310446857 7.20292815836577]
[6.27446391391771 7.39773871012991 6.92891627833501 6.93827604020214]
[10.9729554921896 6.64234477203226 8.93945387061622 6.31801218155074]
[5.51231083594565 11.3769982634683 8.3563475274175 6.337414706464]
[9.40301636636299 6.74472205449397 8.38029378247032 6.46149189758367]
[8.55958591923337 8.10494438454315 9.00060534062959 6.47419582308048]
[5.05392180424322 10.6612700888904 6.37295402102983 7.30136254384551]
[10.357493664586 10.5594396026781 7.07157785401864 5.05551944287815]
[8.58757033155854 11.6065042062959 5.55811032309816 5.48563495369139]
[7.90310078268118 5.49002040312588 5.26031511738226 6.65444969523203]
[8.12154373266039 6.52073884485988 8.4290451628737 6.65363855767666]
[9.47738002719466 9.81877216139113 8.92049498306154 5.65189575914872]
[10.4112938165828 7.95724321377934 7.60776601869501 6.38283631959727]
[10.1080749513116 7.28643237913685 8.37941945461747 6.66555170659558]
[11.2924531440196 7.79293322368344 6.14985994570401 5.40126534576802]
[9.52291777698231 8.21188865961416 8.55976881939969 6.22596004235471]
[10.5505003041798 6.24266284275212 7.19590755191974 6.42375798845471]
[7.87649320352972 9.05108856325552 6.42151007657189 6.35095013058048]
[11.1818762216968 6.04570202302668 8.48261957364212 5.96667852126622]
[5.20309632740801 10.5240835597771 6.85843927953257 6.82157063226412]
[5.14946270916341 7.58191920235062 9.89816041616466 6.13643438373181]
[6.80045977602663 7.54099426894943 8.08587948785269 6.35268723839582]
[9.64055668966292 7.6747401588726 6.94042640987734 5.88658280035834]
[7.10840278867734 7.91819846957241 7.68375342921206 6.99666221671285]
[10.2722983949087 5.46544520041188 8.7851913047227 6.44708970873922]
[7.19137590760829 8.79740075840904 5.43033333745919 6.54855109926952]
[9.26708508621483 9.76958729535762 6.7966746606324 5.72721533509255]
[7.09160328232605 8.43925813982835 7.73235253582348 6.43285686205441]
[10.0908447995442 9.30482387820634 6.38960558253859 5.18904520228712]
[9.51881873361188 9.83230927861345 5.80885930509839 5.02292579433522]
[7.71801990334783 9.0425210430815 5.25555765783799 5.81496012508501]
[10.8307446305757 8.41272079247195 7.50067414088413 5.99735248979997]
[7.85074676774998 10.2815550942911 5.80362946693683 5.67198140385063]
[6.63337443881057 6.080318535701 5.74798358138822 6.24651581814731]
[8.82694394851263 8.14647047176699 8.61842024837354 6.05546773904324]
[11.7836123467461 6.95306521662958 5.8620512845738 5.69688735445634]
[9.38333387167457 7.566144207662 6.08048288425531 6.33250562250495]
[8.88980453882909 7.07617876722221 7.47613595942989 5.58680105234869]
[5.74093102709403 8.60521830903557 6.52914235710485 7.08640657511984]
[5.74645622118845 10.3497559579794 6.72143125983931 6.43825936535963]
[6.16820403890859 7.91961355204448 6.37484796461681 6.59020569695813]
[10.6041234397524 5.2805039399078 6.91045137428627 5.95338596790296]
[10.6589320954343 8.05425640236341 5.09544108673733 5.29734334717059]
[10.0987133942134 10.4854316065068 7.68018658928843 6.447408720269]
[11.1979256623174 9.11086223114807 5.16071091742722 5.07205167312578]
[6.0992066472381 7.81639545484161 6.47949957435034 6.3122892280436]
[9.96883938278055 6.69459831101092 7.96019066431598 7.36347199859912]
[8.42710662144488 9.00986337308756 7.73861445060998 6.22510950730284]
[10.6669694872896 6.23006297666517 8.39451190643127 6.31879186916217]
[11.9389074752853 7.72898961308614 7.63992384097662 5.93330429144147]
[10.4746412360517 11.3562059451618 6.39011791912262 5.15109551069139]
[6.15596731643119 8.20966073028289 5.86093319474096 6.64508247170598]
[7.89451347442055 11.3941371638843 5.71256165267511 6.13647371358224]
[9.1792477565383 6.73725570489469 6.86449653323379 5.45716012072574]
[6.4762129628937 7.80188405361279 8.40306583121263 6.98809708219375]
[10.3476012295943 10.3048184207138 6.11108017620051 7.12887636013499]
[7.41596228789272 7.54065697684766 7.88031816572899 6.27310034931589]
[6.78196426946802 11.6167056160703 6.02697647071448 6.41597563327476]
[9.65140208372279 6.6068517186961 9.01926858977471 6.04672323074068]
[11.5622905096239 5.86952986419814 7.71703318999501 5.7038456332862]
[9.72339208039139 7.44149438905911 5.2989430866601 6.27930713521512]
[11.9499133457866 8.92940730953128 5.17328822425834 5.29831220802711]
[8.81834224023683 5.51248760548279 8.30319354647349 6.31908814146849]
[6.57871694971783 6.35046698337407 7.69279390151324 7.35079539953984]
[7.19303526700215 11.4302546306242 5.31810426764707 6.35844327138589]
[6.38598853339196 8.93084960071364 8.2258444427472 5.97702444280036]
[6.34024374944212 8.63694917490613 6.48103714338808 6.39778996204486]
[8.48458693594928 5.45445607384115 8.36873333296795 6.3298780072491]
[11.6964394368911 8.14641639470581 8.08916865246475 6.07451535812878]
[6.08738615839486 7.50246804513358 7.65337371875688 6.28527390236855]
[7.22317871077633 8.01186723549139 7.83002340048307 6.18320405394475]
[7.91707273616576 6.76332697939171 7.13043379423097 6.20925469305534]
[8.46285993646614 9.2149604505116 5.6138213166267 5.92754289596445]
[11.6227548609165 10.3071430642424 7.82311113182173 5.07441183826975]
[9.47900069976412 7.64328616618286 6.78277278758947 5.78490229982661]
[10.1219372176822 7.36419011752565 6.59690065546066 5.08226898280056]
[9.96089143771032 6.43296267948936 8.57668788537827 5.93182057278867]
[5.34023891510514 6.74484439334574 6.66446175561934 7.31072571390453]
[8.98218721286511 9.64008840263738 6.69206871998937 5.26432302859564]
[11.4406341708735 5.09272880558038 7.06959686477825 6.06990302128501]
[10.1441034670954 8.14522083552749 6.3758162363364 6.03665135504504]
[8.92737732634797 5.23102169084504 8.73102698754853 6.08519888501345]
[10.6713749032684 6.92171774158932 6.99734463336352 6.0615503553634]
[6.89603837849522 10.0484899269757 6.0261200080967 6.39111585574741]
[9.1507966519696 6.15249680050976 7.51763515079579 5.67505518229775]
[9.53003735671091 7.28141965957699 6.21674192707926 6.10345201363107]
[5.81948414277499 5.99148947468049 9.42837361887511 8.06229282315469]
[6.25591030777973 7.56732096776982 7.26242089782656 6.13791665585298]
[11.6438800426432 7.73169721067462 6.77487551866015 5.58048643972195]
[10.5908650062255 11.2384607104292 7.26872925634091 5.65888776064314]
[6.95443082670193 7.28360603648427 8.93095324690479 6.93374614256838]
[5.64632974370489 7.14738881370013 9.70749819209203 6.72854943556515]
[9.80504547021244 9.71596722009829 6.65068384980284 5.80329673296789]
[7.29423530150463 10.391705442035 5.32486191611732 6.04316525942726]
[9.01218116244508 7.40481633966781 8.0958527282225 5.88871473012509]
[11.7170606626489 8.16692334323199 5.65457890567067 5.69414840828025]
[7.28987685426045 6.69266205810594 7.64138307428706 7.06759020931525]
[9.01516844471011 11.1574926157484 6.4108732917319 5.81852805688268]
[11.9178566663256 8.66594462634757 7.61144782350201 5.27376578489047]
[10.5069542813363 5.43121488460441 8.4400161207787 6.43682652192042]
[7.15631877293577 6.40416326211517 9.28206817193419 6.90353236197145]
[9.24822060400897 6.94996511605787 7.52862428420256 6.38691884393924]
[9.43410175538455 8.60518873824311 6.4832335663206 5.37629535373571]
[8.04842957330871 7.76241702634298 6.46549993057561 6.25232504881027]
[7.16897759658152 7.60192093945771 6.41574931744589 5.75233561813858]
[6.18901206615282 10.2449044627092 7.37484462155119 5.64148506633586]
[9.72648138833276 7.74526002475507 6.73432318980843 6.08857281840101]
[11.1688266144065 8.55035220568102 6.48115280241976 5.31822352680288]
[7.76594794341233 8.18945801964764 9.22587976451974 6.6180571007283]
[11.5908278749794 7.20353071781675 6.06025537571426 5.32490830063513]
[8.96161402147363 9.42372785922663 6.87154210112423 6.01588052380374]
[7.87007221318331 6.63704979340226 9.23960703984893 6.18709863677879]
[7.11387624175255 8.74361341215302 7.24086973463965 6.29699444227455]
[10.2796060156755 6.93674438050177 8.04804509381883 5.78639115881183]
[9.47921171866122 7.95822996450484 7.61885235830316 5.98941137044043]
[5.08153904499798 6.3382884636876 6.56342948284579 7.08009642768137]
[5.83129603771033 6.97496061324612 7.33707062571632 8.02112596794156]
[6.73181927618831 7.69832181981734 8.00812746898577 6.50228657235376]
[10.057180470798 5.7098910922729 9.07375346683974 6.4552225643823]
[6.53657794152131 8.90106761935907 7.31453376773023 6.29205947440685]
[7.06194688370588 9.18083852497742 7.71588370797465 7.51105688359582]
[10.2802702517865 8.43822296634688 6.67400853348935 5.68086984323801]
[10.088884186697 7.61356200986858 6.32338127274316 5.78247420205294]
[9.52177396479692 8.50648881651822 6.65044221842229 5.76751534168792]
[8.42451602804875 8.7064056562132 6.30848082846635 5.9506467887003]
[9.95761840890838 7.99375120465863 6.22328344326565 6.215561612846]
[8.91686791408932 8.85357843213061 6.87956429253083 5.84756707357986]
[7.8445568127677 11.078883182592 5.07372448862448 5.96220492171093]
[6.41937716758872 9.93764072760745 7.74837807984012 6.17107926071517]
[6.69628382580603 5.74249534444199 9.32311241237244 7.3411565716344]
[6.03032341825752 5.35932594998244 7.18936497801422 6.16836474431396]
[11.2301126863614 9.83637322645083 7.46585701176035 5.56416343930985]
[7.16017473881653 8.1883345044425 6.61867128766768 6.99705588895214]
[10.184553101746 8.76022440959471 6.92432436250217 5.35588269507271]
[9.99739176215245 11.7144347215107 5.44794318951048 5.77443017320085]
[5.17094208065728 8.86883827876761 5.83989331276581 6.82495763140705]
[6.74560322856366 6.91998147973787 9.20530546361154 6.61007676273175]
[11.2299539080994 6.35217759092418 5.35567497745776 5.73993003471417]
[10.2894055509423 7.47392602774552 7.88490215409676 6.07371171574785]
[8.51525812655593 9.92026681059758 6.87353787689451 5.70505274112126]
[5.63002410239888 5.34203102958791 6.45962156737852 6.77426074538888]
[11.530208490448 5.57736913942524 7.53451028491527 5.84953614791127]
[6.06286562349938 8.18113150324339 6.47407067091732 6.05775732560546]
[9.24211942592 7.50555033073025 6.98848972591923 5.91680955230064]
[9.04768498013775 6.25270727659253 7.05516672189924 6.51500265344278]
[10.840272808619 10.5785978810369 5.47727072917424 5.46631102580298]
[11.1065799924958 9.69062047185742 7.68481663306787 5.62009608233176]
[11.2349640027339 7.54877763098378 6.54663734454961 5.62812870320927]
[8.22752362744673 6.12813624909396 8.09788593916067 6.21564312014017]
[10.4498407466573 10.8205840496792 5.76106608511669 5.15852030101327]
[6.6621341886854 8.29594071011686 8.17202202597826 6.51973557216539]
[8.65260672069033 6.67729831092566 8.65833926998908 6.05970369926057]
[10.8116642722313 8.04142911216628 7.35385363800946 5.59384973495219]
[9.45106441274083 7.25744706806222 6.68106125195065 6.36497872388227]
[11.1967157619281 7.61820003408069 7.30743418493375 5.88570795384142]
[7.11071429152149 9.87976573427697 7.30375127890778 5.55907428736545]
[8.80628914031041 7.06061502919725 8.02807890106808 6.22173494029084]
[9.94276386273048 6.84030872780251 9.68571585921675 5.74954971048274]
[5.82487892375075 7.72998070453899 8.23393860811426 6.6267571650306]
[8.22960258352446 8.58202721119513 7.65798920412501 5.85507459811858]
[7.34290750359538 8.09932217243247 6.79966865999243 5.36828084933032]
[11.108947497753 6.74649176043977 6.73986949637149 6.23150816041123]
[8.83987797217701 9.63015362182165 7.75119435183739 6.09286080710892]
[7.02272545778938 6.3394467803175 5.01861309300107 5.99640927381841]
[9.89962770919345 6.50102672960836 6.98240256188975 6.29170597785177]
[9.2898023189539 6.91076662316567 5.2255153889867 6.62071596685002]
[9.96783781280282 5.12488997202531 9.89687653596079 5.98127593169974]
[10.4558725439452 7.89909015845759 8.27812431808645 5.23106667063878]
[5.65881153136631 10.0552447757957 7.79984192754134 6.59390233125652]
[8.21829003185229 7.9733213143966 6.99478143234493 6.01462793027207]
[9.58098079142353 5.01435798142862 9.03678768753641 7.13633954369209]
[5.48317404186239 6.81959554994184 8.71500518498645 7.32681969457067]
[11.5031974212435 6.37702108901208 6.92820875022906 5.42225399953867]
[10.0743637731888 8.9155846442689 6.56642851519498 5.05746655226602]
[8.81442750729328 10.5357083871288 5.16018003473677 6.30189269407399]
[9.56881151766404 7.07589580385617 7.8672390817655 5.66782079189359]
[8.08867393638007 8.20863450234922 7.10322581952015 6.31356831877785]
[11.4499043990762 6.39884587533765 10.3718412529065 5.59719135396189]
[5.0546670671879 5.205821404872 10.8508519646259 7.20124992382631]
[6.87047991447877 10.4238835413478 8.69518856303226 6.8783656927417]
[7.85375308752883 9.48911849587098 6.35466514491996 6.12462350759538]
[9.38163552743792 8.37396387227167 5.44967917019909 5.8338035196641]
[8.17898870490486 8.7997961475519 6.12730559106952 5.75625967233826]
[7.56738911255983 10.5245820957155 5.2203225303941 5.84572883592014]
[6.46605883670514 10.0618228847019 6.75497457054109 6.05264950704377]
[11.8534641198502 9.05969504973553 6.86027267031531 5.17938659651108]
[7.76756792602287 10.7030522634029 5.39683483099957 5.67746239278284]
[6.31016505907045 6.63256354901059 8.34537889373985 6.9699568662265]
[5.39529712150653 5.97879600032401 6.29013546449373 7.27783108773578]
[10.5086479503937 9.14364949842251 6.42961882472722 5.63814847014823]
[8.97660650008415 5.87682590875626 9.18596426989762 6.65641788805733]
[10.0205424343787 10.4434302891129 5.67947311718019 5.03233806191223]
[8.18405047365341 7.48970269716657 6.70382067975079 6.58277650741116]
[10.3074017510775 8.57870376239753 9.57728945539827 6.16108448955396]
[10.4082022519144 6.76782059508746 6.77011295541847 5.35548948376667]
[8.82271743999944 6.18719448411694 8.03285755331228 6.26426591268741]
[8.10493305263579 8.31165449681628 7.0404912370228 5.93623144019499]
[9.68622397925359 6.12236908354731 9.22797428680587 6.71630054113902]
[8.88370431343627 8.03021823230822 7.63493684054767 6.73560583243895]
[10.6378105591191 10.0401433970497 5.4935198183801 5.19775921726186]
[8.4095500579255 8.14176124085422 7.25467540303668 5.96192384813564]
[6.79675376133363 5.16109421658727 8.55413342808077 7.25178513016368]
[9.0027687520873 5.42725099435714 9.41161435765297 7.16325342772449]
[7.09061652886744 6.83899309134613 5.31068778057603 6.93195404337754]
[9.33539217509019 8.08930245680431 7.88795995715548 5.78666551472226]
[10.8127988476318 7.27930546562644 5.55719011029593 5.87929674186422]
[11.3146073886211 6.18335932485785 7.96819490829268 6.19857143548887]
[6.43539098801025 8.31443375081498 7.32191065979448 6.93495181271545]
[7.86948380417319 8.90306505992349 6.62432158659648 5.51506442589661]
[9.66151714955699 9.35552704626152 7.20679091319217 5.49130720409472]
[6.491428215058 11.377387553695 5.36643337993113 5.9426359288183]
[7.82918342416417 10.1147330417597 6.22294892563255 5.86168243463281]
[5.280183311614 6.68877328579432 7.87539567525018 6.89290700323054]
[9.94837392887742 7.62633319510475 7.38067394888552 5.91852620978437]
[10.7591386072661 7.64748872011517 5.86293834099814 5.33041468333259]
[10.8786525407399 9.70237097405252 6.2164290432369 6.39187272435963]
[6.40476232901898 10.607281360357 5.85034677407659 5.79607060695674]
[7.74806742151601 6.74124238843053 6.54965734976558 5.68394720113451]
[5.22576198095831 9.17322661530721 6.63349349597388 6.18697457862471]
[11.7873271705557 7.30581433664231 5.47306995510989 5.29806019217329]
[9.99433403095081 5.66780868698729 9.87273462071844 6.41139694519973]
[10.808173945459 8.95173371570208 6.03875364275325 5.16040481420347]
[10.7730015635737 9.72120168167308 6.05497058540657 5.2605912060409]
[9.6614990245168 6.84922780752803 8.89169476647696 6.37250427633717]
[11.565417853732 7.46874019741535 5.28757091655548 5.74693988831449]
[8.92014404540568 11.3537482640981 6.87323011119201 5.21050829714785]
[9.80453072827737 6.29648432660218 7.7834208904 6.27704483565651]
[11.8381888345591 5.58640180848817 9.69301831898565 5.71054061317941]
[7.59180876435615 7.30680968081321 6.74160302519115 7.02809407221087]
[7.01537988114514 5.44418405483027 6.45005173455194 6.66909591322332]
[6.6752248639599 8.70494322929902 8.32643211563277 6.47841896097015]
[9.5767132776063 9.32311167960938 6.45822824734787 6.2989996684427]
[7.30620673724296 8.95900711971236 7.51981484155153 5.84414615960726]
[8.38490820602355 9.65623512902721 6.00124298475214 5.50591508605355]
[6.97139406433231 8.16042946091849 6.7811286435596 6.63589437018296]
[7.93466769269623 5.83225821847762 8.55958884830892 6.20216826766836]
[7.29722517760576 7.29810167278623 6.44625619948027 5.59824250577967]
[8.27435469705827 9.46257879151466 5.83530556483388 5.27611481961243]
[10.7681154413595 10.7494814297932 8.34806622379246 5.11059327436628]
[8.69001881968458 9.38525649325501 7.15101886827527 5.15163630068985]
[11.989123638711 6.99319138844153 7.74859432355884 5.6517148355425]
[8.3635469535832 8.34908872142963 6.22404794656803 6.31742560952925]
[7.89167298803866 7.07596833156098 9.54592923482523 6.57844041863681]
[8.27544543095278 6.81473168594944 9.55034494658738 6.95037185335201]
[8.20356396525112 7.20562532483766 6.83631066077498 6.13623796211583]
[7.77845712573867 7.74320028932488 7.03402570332662 6.62042144266098]
[11.2198845338189 6.25651410678156 5.05331811687174 5.39824109799305]
[6.30420440981985 6.86550328323317 7.41536628246723 6.10122639254413]
[10.5195506382286 7.94955635945423 7.57614284874912 6.102253671533]
[10.0939824340834 5.98955167528933 8.0001839403816 6.55549182572068]
[11.5247849928487 9.62839963002396 5.29416637154652 5.08204474433301]
[6.61162787836946 7.56964309210941 6.58897250355915 6.90577022245719]];